还款日期,分期还款额,应还本金,应还利息,本金余额
6/7/2016,0,0,0,700000
6/23/2016,3248.04,1731.38,1516.66,698268.62
7/19/2016,3248.04,1358.14,1889.9,696910.48
8/18/2016,3248.04,1362.05,1885.99,695548.43
9/19/2016,3248.04,1365.86,1882.18,694182.57
10/19/2016,3248.04,1369.44,1878.6,692813.13
11/17/2016,1830,0,1830,692813.13
11/22/2016,1418.04,1373.16,44.88,691439.97
12/19/2016,3248.04,1376.5,1871.54,690063.47
2/1/2017,3248.04,1380.61,1867.43,688682.86
3/1/2017,3248.04,1382.86,1865.18,687300
4/1/2017,3248.04,1386.6,1861.44,685913.4
5/1/2017,3248.04,1390.36,1857.68,684523.04
6/1/2017,3248.04,1394.12,1853.92,683128.92
7/1/2017,3248.04,1397.9,1850.14,681731.02
8/1/2017,3248.04,1401.69,1846.35,680329.33
9/1/2017,3248.04,1405.48,1842.56,678923.85
10/1/2017,3248.04,1409.29,1838.75,677514.56
11/1/2017,3248.04,1413.1,1834.94,676101.46
12/1/2017,3248.04,1416.93,1831.11,674684.53
1/1/2018,3248.04,1420.77,1827.27,673263.76
2/1/2018,3248.04,1424.62,1823.42,671839.14
3/1/2018,3248.04,1428.48,1819.56,670410.66
4/1/2018,3248.04,1432.34,1815.7,668978.32
5/1/2018,3248.04,1436.23,1811.81,667542.09
6/1/2018,3248.04,1440.11,1807.93,666101.98
7/1/2018,3248.04,1444.01,1804.03,664657.97
8/1/2018,3248.04,1447.93,1800.11,663210.04
9/1/2018,3248.04,1451.84,1796.2,661758.2
10/1/2018,3248.04,1455.78,1792.26,660302.42
11/1/2018,3248.04,1459.72,1788.32,658842.7
12/1/2018,3248.04,1463.68,1784.36,657379.02
1/1/2019,3248.04,1467.64,1780.4,655911.38
2/1/2019,3248.04,1471.61,1776.43,654439.77
3/1/2019,3248.04,1475.6,1772.44,652964.17
4/1/2019,3248.04,1479.59,1768.45,651484.58
5/1/2019,3248.04,1483.61,1764.43,650000.97
6/1/2019,3248.04,1487.62,1760.42,648513.35
7/1/2019,3248.04,1491.65,1756.39,647021.7
8/1/2019,3248.04,1495.69,1752.35,645526.01
9/1/2019,3248.04,1499.74,1748.3,644026.27
10/1/2019,3248.04,1503.8,1744.24,642522.47
11/1/2019,3248.04,1507.87,1740.17,641014.6
12/1/2019,3248.04,1511.96,1736.08,639502.64
1/1/2020,3248.04,1516.06,1731.98,637986.58
2/1/2020,3248.04,1520.16,1727.88,636466.42
3/1/2020,3248.04,1524.27,1723.77,634942.15
4/1/2020,3248.04,1528.41,1719.63,633413.74
5/1/2020,3248.04,1532.54,1715.5,631881.2
6/1/2020,3248.04,1536.7,1711.34,630344.5
7/1/2020,3248.04,1540.85,1707.19,628803.65
8/1/2020,3248.04,1545.03,1703.01,627258.62
9/1/2020,3248.04,1549.22,1698.82,625709.4
10/1/2020,3248.04,1553.41,1694.63,624155.99
11/1/2020,3248.04,1557.62,1690.42,622598.37
12/1/2020,3248.04,1561.83,1686.21,621036.54
1/1/2021,3248.04,1566.07,1681.97,619470.47
2/1/2021,3248.04,1570.31,1677.73,617900.16
3/1/2021,3248.04,1574.56,1673.48,616325.6
4/1/2021,3248.04,1578.82,1669.22,614746.78
5/1/2021,3248.04,1583.1,1664.94,613163.68
6/1/2021,3248.04,1587.39,1660.65,611576.29
7/1/2021,3248.04,1591.69,1656.35,609984.6
8/1/2021,3248.04,1596,1652.04,608388.6
9/1/2021,3248.04,1600.32,1647.72,606788.28
10/1/2021,3248.04,1604.65,1643.39,605183.63
11/1/2021,3248.04,1609,1639.04,603574.63
12/1/2021,3248.04,1613.36,1634.68,601961.27
1/1/2022,3248.04,1617.73,1630.31,600343.54
2/1/2022,3248.04,1622.11,1625.93,598721.43
3/1/2022,3248.04,1626.5,1621.54,597094.93
4/1/2022,3248.04,1630.91,1617.13,595464.02
5/1/2022,3248.04,1635.33,1612.71,593828.69
6/1/2022,3248.04,1639.75,1608.29,592188.94
7/1/2022,3248.04,1644.19,1603.85,590544.75
8/1/2022,3248.04,1648.65,1599.39,588896.1
9/1/2022,3248.04,1653.12,1594.92,587242.98
10/1/2022,3248.04,1657.59,1590.45,585585.39
11/1/2022,3248.04,1662.07,1585.97,583923.32
12/1/2022,3248.04,1666.59,1581.45,582256.73
1/1/2023,3248.04,1671.09,1576.95,580585.64
2/1/2023,3248.04,1675.62,1572.42,578910.02
3/1/2023,3248.04,1680.16,1567.88,577229.86
4/1/2023,3248.04,1684.71,1563.33,575545.15
5/1/2023,3248.04,1689.27,1558.77,573855.88
6/1/2023,3248.04,1693.85,1554.19,572162.03
7/1/2023,3248.04,1698.43,1549.61,570463.6
8/1/2023,3248.04,1703.04,1545,568760.56
9/1/2023,3248.04,1707.64,1540.4,567052.92
10/1/2023,3248.04,1712.28,1535.76,565340.64
11/1/2023,3248.04,1716.9,1531.14,563623.74
12/1/2023,3248.04,1721.56,1526.48,561902.18
1/1/2024,3248.04,1726.23,1521.81,560175.95
2/1/2024,3248.04,1730.89,1517.15,558445.06
3/1/2024,3248.04,1735.59,1512.45,556709.47
4/1/2024,3248.04,1740.28,1507.76,554969.19
5/1/2024,3248.04,1745,1503.04,553224.19
6/1/2024,3248.04,1749.72,1498.32,551474.47
7/1/2024,3248.04,1754.47,1493.57,549720
8/1/2024,3248.04,1759.21,1488.83,547960.79
9/1/2024,3248.04,1763.98,1484.06,546196.81
10/1/2024,3248.04,1768.76,1479.28,544428.05
11/1/2024,3248.04,1773.55,1474.49,542654.5
12/1/2024,3248.04,1778.35,1469.69,540876.15
1/1/2025,3248.04,1783.16,1464.88,539092.99
2/1/2025,3248.04,1788,1460.04,537304.99
3/1/2025,3248.04,1792.84,1455.2,535512.15
4/1/2025,3248.04,1797.69,1450.35,533714.46
5/1/2025,3248.04,1802.57,1445.47,531911.89
6/1/2025,3248.04,1807.44,1440.6,530104.45
7/1/2025,3248.04,1812.34,1435.7,528292.11
8/1/2025,3248.04,1817.25,1430.79,526474.86
9/1/2025,3248.04,1822.17,1425.87,524652.69
10/1/2025,3248.04,1827.11,1420.93,522825.58
11/1/2025,3248.04,1832.05,1415.99,520993.53
12/1/2025,3248.04,1837.02,1411.02,519156.51
1/1/2026,3248.04,1841.99,1406.05,517314.52
2/1/2026,3248.04,1846.98,1401.06,515467.54
3/1/2026,3248.04,1851.98,1396.06,513615.56
4/1/2026,3248.04,1857,1391.04,511758.56
5/1/2026,3248.04,1862.03,1386.01,509896.53
6/1/2026,3248.04,1867.07,1380.97,508029.46
7/1/2026,3248.04,1872.12,1375.92,506157.34
8/1/2026,3248.04,1877.2,1370.84,504280.14
9/1/2026,3248.04,1882.28,1365.76,502397.86
10/1/2026,3248.04,1887.38,1360.66,500510.48
11/1/2026,3248.04,1892.49,1355.55,498617.99
12/1/2026,3248.04,1897.62,1350.42,496720.37
1/1/2027,3248.04,1902.75,1345.29,494817.62
2/1/2027,3248.04,1907.91,1340.13,492909.71
3/1/2027,3248.04,1913.08,1334.96,490996.63
4/1/2027,3248.04,1918.26,1329.78,489078.37
5/1/2027,3248.04,1923.45,1324.59,487154.92
6/1/2027,3248.04,1928.66,1319.38,485226.26
7/1/2027,3248.04,1933.89,1314.15,483292.37
8/1/2027,3248.04,1939.12,1308.92,481353.25
9/1/2027,3248.04,1944.38,1303.66,479408.87
10/1/2027,3248.04,1949.64,1298.4,477459.23
11/1/2027,3248.04,1954.92,1293.12,475504.31
12/1/2027,3248.04,1960.21,1287.83,473544.1
1/1/2028,3248.04,1965.53,1282.51,471578.57
2/1/2028,3248.04,1970.85,1277.19,469607.72
3/1/2028,3248.04,1976.18,1271.86,467631.54
4/1/2028,3248.04,1981.54,1266.5,465650
5/1/2028,3248.04,1986.9,1261.14,463663.1
6/1/2028,3248.04,1992.29,1255.75,461670.81
7/1/2028,3248.04,1997.68,1250.36,459673.13
8/1/2028,3248.04,2003.09,1244.95,457670.04
9/1/2028,3248.04,2008.52,1239.52,455661.52
10/1/2028,3248.04,2013.96,1234.08,453647.56
11/1/2028,3248.04,2019.41,1228.63,451628.15
12/1/2028,3248.04,2024.88,1223.16,449603.27
1/1/2029,3248.04,2030.36,1217.68,447572.91
2/1/2029,3248.04,2035.87,1212.17,445537.04
3/1/2029,3248.04,2041.37,1206.67,443495.67
4/1/2029,3248.04,2046.91,1201.13,441448.76
5/1/2029,3248.04,2052.45,1195.59,439396.31
6/1/2029,3248.04,2058.01,1190.03,437338.3
7/1/2029,3248.04,2063.58,1184.46,435274.72
8/1/2029,3248.04,2069.17,1178.87,433205.55
9/1/2029,3248.04,2074.78,1173.26,431130.77
10/1/2029,3248.04,2080.39,1167.65,429050.38
11/1/2029,3248.04,2086.03,1162.01,426964.35
12/1/2029,3248.04,2091.68,1156.36,424872.67
1/1/2030,3248.04,2097.34,1150.7,422775.33
2/1/2030,3248.04,2103.02,1145.02,420672.31
3/1/2030,3248.04,2108.72,1139.32,418563.59
4/1/2030,3248.04,2114.43,1133.61,416449.16
5/1/2030,3248.04,2120.16,1127.88,414329
6/1/2030,3248.04,2125.9,1122.14,412203.1
7/1/2030,3248.04,2131.66,1116.38,410071.44
8/1/2030,3248.04,2137.43,1110.61,407934.01
9/1/2030,3248.04,2143.21,1104.83,405790.8
10/1/2030,3248.04,2149.03,1099.01,403641.77
11/1/2030,3248.04,2154.84,1093.2,401486.93
12/1/2030,3248.04,2160.68,1087.36,399326.25
1/1/2031,3248.04,2166.53,1081.51,397159.72
2/1/2031,3248.04,2172.4,1075.64,394987.32
3/1/2031,3248.04,2178.28,1069.76,392809.04
4/1/2031,3248.04,2184.19,1063.85,390624.85
5/1/2031,3248.04,2190.09,1057.95,388434.76
6/1/2031,3248.04,2196.03,1052.01,386238.73
7/1/2031,3248.04,2201.98,1046.06,384036.75
8/1/2031,3248.04,2207.94,1040.1,381828.81
9/1/2031,3248.04,2213.92,1034.12,379614.89
10/1/2031,3248.04,2219.92,1028.12,377394.97
11/1/2031,3248.04,2225.93,1022.11,375169.04
12/1/2031,3248.04,2231.95,1016.09,372937.09
1/1/2032,3248.04,2238,1010.04,370699.09
2/1/2032,3248.04,2244.07,1003.97,368455.02
3/1/2032,3248.04,2250.14,997.9,366204.88
4/1/2032,3248.04,2256.23,991.81,363948.65
5/1/2032,3248.04,2262.35,985.69,361686.3
6/1/2032,3248.04,2268.47,979.57,359417.83
7/1/2032,3248.04,2274.62,973.42,357143.21
8/1/2032,3248.04,2280.78,967.26,354862.43
9/1/2032,3248.04,2286.95,961.09,352575.48
10/1/2032,3248.04,2293.15,954.89,350282.33
11/1/2032,3248.04,2299.36,948.68,347982.97
12/1/2032,3248.04,2305.58,942.46,345677.39
1/1/2033,3248.04,2311.83,936.21,343365.56
2/1/2033,3248.04,2318.1,929.94,341047.46
3/1/2033,3248.04,2324.37,923.67,338723.09
4/1/2033,3248.04,2330.66,917.38,336392.43
5/1/2033,3248.04,2336.98,911.06,334055.45
6/1/2033,3248.04,2343.3,904.74,331712.15
7/1/2033,3248.04,2349.66,898.38,329362.49
8/1/2033,3248.04,2356.01,892.03,327006.48
9/1/2033,3248.04,2362.4,885.64,324644.08
10/1/2033,3248.04,2368.8,879.24,322275.28
11/1/2033,3248.04,2375.21,872.83,319900.07
12/1/2033,3248.04,2381.64,866.4,317518.43
1/1/2034,3248.04,2388.1,859.94,315130.33
2/1/2034,3248.04,2394.56,853.48,312735.77
3/1/2034,3248.04,2401.05,846.99,310334.72
4/1/2034,3248.04,2407.55,840.49,307927.17
5/1/2034,3248.04,2414.07,833.97,305513.1
6/1/2034,3248.04,2420.6,827.44,303092.5
7/1/2034,3248.04,2427.17,820.87,300665.33
8/1/2034,3248.04,2433.74,814.3,298231.59
9/1/2034,3248.04,2440.33,807.71,295791.26
10/1/2034,3248.04,2446.94,801.1,293344.32
11/1/2034,3248.04,2453.56,794.48,290890.76
12/1/2034,3248.04,2460.21,787.83,288430.55
1/1/2035,3248.04,2466.88,781.16,285963.67
2/1/2035,3248.04,2473.55,774.49,283490.12
3/1/2035,3248.04,2480.26,767.78,281009.86
4/1/2035,3248.04,2486.97,761.07,278522.89
5/1/2035,3248.04,2493.7,754.34,276029.19
6/1/2035,3248.04,2500.46,747.58,273528.73
7/1/2035,3248.04,2507.24,740.8,271021.49
8/1/2035,3248.04,2514.02,734.02,268507.47
9/1/2035,3248.04,2520.83,727.21,265986.64
10/1/2035,3248.04,2527.66,720.38,263458.98
11/1/2035,3248.04,2534.51,713.53,260924.47
12/1/2035,3248.04,2541.37,706.67,258383.1
1/1/2036,3248.04,2548.25,699.79,255834.85
2/1/2036,3248.04,2555.15,692.89,253279.7
3/1/2036,3248.04,2562.08,685.96,250717.62
4/1/2036,3248.04,2569.01,679.03,248148.61
5/1/2036,3248.04,2575.97,672.07,245572.64
6/1/2036,3248.04,2582.95,665.09,242989.69
7/1/2036,3248.04,2589.94,658.1,240399.75
8/1/2036,3248.04,2596.96,651.08,237802.79
9/1/2036,3248.04,2603.99,644.05,235198.8
10/1/2036,3248.04,2611.04,637,232587.76
11/1/2036,3248.04,2618.12,629.92,229969.64
12/1/2036,3248.04,2625.2,622.84,227344.44
1/1/2037,3248.04,2632.32,615.72,224712.12
2/1/2037,3248.04,2639.44,608.6,222072.68
3/1/2037,3248.04,2646.6,601.44,219426.08
4/1/2037,3248.04,2653.76,594.28,216772.32
5/1/2037,3248.04,2660.95,587.09,214111.37
6/1/2037,3248.04,2668.15,579.89,211443.22
7/1/2037,3248.04,2675.38,572.66,208767.84
8/1/2037,3248.04,2682.63,565.41,206085.21
9/1/2037,3248.04,2689.89,558.15,203395.32
10/1/2037,3248.04,2697.18,550.86,200698.14
11/1/2037,3248.04,2704.48,543.56,197993.66
12/1/2037,3248.04,2711.81,536.23,195281.85
1/1/2038,3248.04,2719.15,528.89,192562.7
2/1/2038,3248.04,2726.52,521.52,189836.18
3/1/2038,3248.04,2733.9,514.14,187102.28
4/1/2038,3248.04,2741.3,506.74,184360.98
5/1/2038,3248.04,2748.73,499.31,181612.25
6/1/2038,3248.04,2756.18,491.86,178856.07
7/1/2038,3248.04,2763.63,484.41,176092.44
8/1/2038,3248.04,2771.13,476.91,173321.31
9/1/2038,3248.04,2778.63,469.41,170542.68
10/1/2038,3248.04,2786.15,461.89,167756.53
11/1/2038,3248.04,2793.7,454.34,164962.83
12/1/2038,3248.04,2801.26,446.78,162161.57
1/1/2039,3248.04,2808.86,439.18,159352.71
2/1/2039,3248.04,2816.46,431.58,156536.25
3/1/2039,3248.04,2824.08,423.96,153712.17
4/1/2039,3248.04,2831.74,416.3,150880.43
5/1/2039,3248.04,2839.41,408.63,148041.02
6/1/2039,3248.04,2847.09,400.95,145193.93
7/1/2039,3248.04,2854.81,393.23,142339.12
8/1/2039,3248.04,2862.54,385.5,139476.58
9/1/2039,3248.04,2870.29,377.75,136606.29
10/1/2039,3248.04,2878.06,369.98,133728.23
11/1/2039,3248.04,2885.86,362.18,130842.37
12/1/2039,3248.04,2893.68,354.36,127948.69
1/1/2040,3248.04,2901.51,346.53,125047.18
2/1/2040,3248.04,2909.37,338.67,122137.81
3/1/2040,3248.04,2917.25,330.79,119220.56
4/1/2040,3248.04,2925.15,322.89,116295.41
5/1/2040,3248.04,2933.07,314.97,113362.34
6/1/2040,3248.04,2941.02,307.02,110421.32
7/1/2040,3248.04,2948.98,299.06,107472.34
8/1/2040,3248.04,2956.97,291.07,104515.37
9/1/2040,3248.04,2964.98,283.06,101550.39
10/1/2040,3248.04,2973.01,275.03,98577.38
11/1/2040,3248.04,2981.06,266.98,95596.32
12/1/2040,3248.04,2989.13,258.91,92607.19
1/1/2041,3248.04,2997.23,250.81,89609.96
2/1/2041,3248.04,3005.34,242.7,86604.62
3/1/2041,3248.04,3013.49,234.55,83591.13
4/1/2041,3248.04,3021.65,226.39,80569.48
5/1/2041,3248.04,3029.83,218.21,77539.65
6/1/2041,3248.04,3038.04,210,74501.61
7/1/2041,3248.04,3046.26,201.78,71455.35
8/1/2041,3248.04,3054.52,193.52,68400.83
9/1/2041,3248.04,3062.78,185.26,65338.05
10/1/2041,3248.04,3071.09,176.95,62266.96
11/1/2041,3248.04,3079.4,168.64,59187.56
12/1/2041,3248.04,3087.74,160.3,56099.82
1/1/2042,3248.04,3096.1,151.94,53003.72
2/1/2042,3248.04,3104.49,143.55,49899.23
3/1/2042,3248.04,3112.89,135.15,46786.34
4/1/2042,3248.04,3121.33,126.71,43665.01
5/1/2042,3248.04,3129.78,118.26,40535.23
6/1/2042,3248.04,3138.26,109.78,37396.97
7/1/2042,3248.04,3146.76,101.28,34250.21
8/1/2042,3248.04,3155.27,92.77,31094.94
9/1/2042,3248.04,3163.83,84.21,27931.11
10/1/2042,3248.04,3172.39,75.65,24758.72
11/1/2042,3248.04,3180.99,67.05,21577.73
12/1/2042,3248.04,3189.6,58.44,18388.13
1/1/2043,3248.04,3198.24,49.8,15189.89
2/1/2043,3248.04,3206.9,41.14,11982.99
3/1/2043,3248.04,3215.58,32.46,8767.41
4/1/2043,3248.04,3224.3,23.74,5543.11
5/1/2043,3248.04,3233.03,15.01,2310.08
6/7/2043,2317.59,2310.08,7.51,0
